1 487670
2 386149
4 195755
5 347803
6 267512
9 459999
11 267512
13 338495
16 141660
18 132282
21 141660
23 126213
24 148982
25 136387
26 201686
27 155821
28 133697
31 401275
33 463318
34 424174
35 396301
36 513678
37 472402
38 390683
39 167098
41 360671
43 134131
44 149126
45 107753
47 127445
48 116446
49 127445
50 116446
51 175662
52 144647
53 107753
54 107753
55 99875
56 388641
57 124500
58 144647
59 134131
60 387981
61 116446
62 181936
63 111601
65 173771
67 181936
68 140562
69 138922
70 128947
71 181936
74 357448
75 424880
76 424880
78 472848
79 154058
80 167478
81 132971
82 129758
83 149126
85 440783
86 526373
89 406855
90 352535
91 242424
92 372659
93 296180
94 109363
97 386503
100 139391
101 139391
104 495271
105 382100
107 415444
108 414738
109 415444
110 408974
111 409595
113 413422
114 414126
116 177648
117 177648
122 387981
126 396149
128 400600
132 368447
135 408338
137 482229
138 409535
143 173423
144 159092
145 214395
146 214395
147 422441
148 145023
149 132507
150 190921
151 145023
152 141673
153 124448
155 481124
156 417012
157 102548
158 129758
159 144307
162 134131
164 409902
165 495268
166 415756
167 348667
168 400709
169 378414
170 409281
171 351172
176 408571
177 471742
181 395708
182 389545
183 471742
185 315015
187 289773
191 429271
192 249642
193 326530
194 351301
195 352129
199 417654
200 481865
201 368173
202 426355
203 406500
204 407118
205 375843
211 152038
212 172664
213 108041
215 157115
216 152038
217 108041
219 401275
221 382588
222 339357
223 339357
224 388641
225 462968
228 419019
229 413195
230 161537
231 204021
233 204021
234 147880
235 413823
236 162697
237 386044
238 383170
239 462968
240 353735
241 125776
242 137391
243 374543
244 132184
245 405094
247 493234
248 434799
251 438248
252 429583
254 419918
256 490746
257 411260
258 425352
260 180541
261 148665
262 180541
263 148665
264 412422
265 284091
266 463318
267 463318
268 339357
270 382588
271 388641
272 233361
274 328390
275 372942
276 233361
278 462968
281 390481
282 473490
283 396798
284 312171
285 405152
286 391284
287 481487
288 367884
289 397892
290 397892
291 481850
292 112063
293 123540
294 138660
295 135918
296 227279
298 353735
299 396149
300 382588
301 383170
303 463318
304 412827
305 408539
306 535099
307 535099
308 457524
309 442534
311 463445
313 442534
315 448853
321 413373
322 405539
323 483097
325 404849
327 353735
331 471446
332 471090
333 395460
334 389300
336 288288
337 410685
339 474400
340 490470
341 442555
342 496817
343 480357
344 480357
345 480357
347 151940
348 127196
349 132207
350 395301
355 147030
356 104483
357 151940
358 127196
359 121030
362 165310
363 196615
365 169734
366 238853
367 246829
368 165310
371 169734
372 206632
373 216315
374 444128
376 157306
377 117854
378 183508
382 474901
385 212392
386 233411
387 169183
388 146053
390 434129
391 568188
392 171689
393 130785
394 135937
395 404849
396 372989
398 389157
401 404849
402 427075
403 273718
404 516802
407 110731
408 194756
409 121251
411 159993
412 147819
413 194756
414 121251
415 427873
416 517371
417 395004
419 433245
420 471703
421 408847
422 404072
423 390240
424 141287
425 420153
426 156008
429 428269
434 427589
437 104125
438 130153
439 136252
440 170858
441 139000
443 170858
444 106912
445 155472
446 130153
447 123843
448 123843
450 159281
451 137794
452 110238
453 113188
454 142366
455 138556
456 133304
457 174995
458 142366
459 126842
460 106646
461 126842
462 106646
463 142366
464 106646
465 139551
467 139551
468 106646
469 109500
470 106646
471 213547
472 154785
473 133623
474 142222
475 161818
476 135096
477 111275
478 359630
479 104257
480 146712
481 132869
482 335748
483 380401
484 238029
485 668792
487 430153
488 475006
490 490448
492 432343
496 317568
498 498285
503 435764
507 398869
508 155472
509 112338
510 170858
511 170858
512 104125
513 139000
515 123843
517 152169
518 121213
519 147252
520 152169
521 127388
523 472773
524 152169
525 136048
527 556750
528 546199
529 327967
530 546199
533 383840
535 502749
536 329224
537 446875
538 393932
542 249584
543 312529
544 403623
545 315409
546 524697
547 439711
548 433600
549 448969
551 448969
555 387981
556 388641
557 227279
558 432748
559 412595
560 391322
561 396236
562 121316
563 409813
564 365053
565 136163
566 104730
568 404577
571 472819
572 365053
574 121316
576 404577
577 396236
579 474093
580 365761
581 410607
582 361961
584 415100
585 383213
587 292845
590 387236
591 252808
592 322187
594 269611
595 330670
598 367636
599 246219
600 132207
601 147030
602 104483
604 101759
605 121030
606 511007
607 428967
608 394538
610 383170
612 387981
613 394538
617 132647
618 166524
619 139405
625 148881
626 114512
627 438603
629 418178
630 433000
632 386640
633 386640
635 418813
637 231825
638 395740
639 390833
640 409301
642 472228
643 409301
647 413284
648 421984
649 427446
650 407540
652 376805
653 371466
654 481487
656 315301
658 309067
659 387567
660 242513
661 332298
662 167229
663 136048
664 147599
666 390989
667 396573
668 390396
669 147599
671 151104
672 109363
673 124500
674 116446
676 107753
677 116446
679 127445
680 175662
681 111545
684 107753
685 144647
686 402521
687 370214
688 138088
689 123031
690 169738
691 138088
692 129299
693 396252
694 169738
696 138088
699 167779
700 109363
701 124500
702 124500
703 109363
705 463318
706 401275
709 101691
710 129762
713 118563
714 170829
715 109712
717 178856
718 126764
719 138183
720 488689
721 239906
722 377306
723 299874
725 262697
726 299057
727 258828
728 279710
729 421951
730 373387
731 413953
737 419310
738 413953
739 406108
740 399783
741 406108
742 406108
745 483776
746 419310
748 120840
749 120840
750 129199
751 111819
752 150106
753 129199
754 411790
759 394682
763 462968
764 308838
765 284091
768 381804
769 463318
772 388809
775 462968
778 361261
781 462968
782 388641
783 387981
785 387981
790 364597
791 396414
792 404072
793 364597
794 409301
796 360810
797 390833
798 399012
799 442212
800 447935
801 427075
805 482669
806 372659
807 243292
808 296180
810 413006
812 118237
814 109410
816 129405
817 146873
818 136195
819 178364
820 170360
822 111046
823 170360
824 146527
825 104125
828 382034
830 433377
831 419019
833 382034
835 419733
836 500006
837 500006
838 413823
839 500383
840 413195
841 419733
844 373758
846 346978
847 126849
848 109786
849 111427
850 136662
851 360409
852 364192
853 389807
855 413823
856 500006
857 500383
858 382034
859 409635
860 409635
861 396064
862 391152
863 390559
864 396738
865 396064
866 409635
868 274022
870 394820
871 299905
874 305349
876 395631
878 395631
879 396232
881 299905
883 164367
885 400342
888 429150
891 172271
892 161126
893 226766
894 184483
897 407009
900 426889
901 407009
904 123540
907 106650
908 404187
909 371746
911 301136
913 410640
915 489543
916 373758
918 418572
919 404244
921 295552
922 242776
923 400854
924 303403
927 355019
929 373946
930 282795
931 256523
932 400246
933 400854
934 400246
935 282795
936 405887
939 463318
940 401275
943 387981
945 463318
949 463318
950 382588
953 387981
955 382588
956 357448
957 387981
959 364068
961 389673
962 471542
963 395166
964 237683
966 404661
967 411063
969 404661
970 378070
971 374143
972 425843
974 425843
975 491313
976 420403
977 425843
978 491313
979 412436
980 425843
981 486182
983 138230
984 105637
986 498285
987 305532
988 380432
989 371875
992 371875
993 402819
995 345231
996 415100
997 501549
998 134875
999 434715
1000 429161
1002 181761
1003 421028
1004 420312
1005 434715
1006 420312
1008 501927
1009 434715
1010 383213
1011 429161
1012 387236
1013 156701
1018 434715
1019 387236
1020 413006
1021 398869
1022 399475
1024 399475
1025 413006
1026 462968
1027 396149
1028 357448
1029 388641
1030 491771
1031 131514
1032 131514
1033 123006
1035 141688
1037 131514
1038 177231
1039 113823
1040 141688
1041 143361
1042 134625
1044 152796
1045 115525
1046 152796
1047 115525
1048 123006
1049 131874
1052 123006
1053 143361
1054 123006
1055 134625
1056 115525
1057 141688
1059 177231
1060 113823
1066 116809
1067 380449
1068 415583
1071 415583
1072 562601
1074 370937
1075 274988
1081 370937
1082 403307
1084 403307
1085 462968
1086 357448
1087 227279
1090 401275
1091 505437
1092 423972
1093 139993
1094 184445
1095 130725
1096 113140
1097 184445
1098 122268
1099 114832
1100 133817
1101 133817
1102 113140
1103 137225
1106 512220
1107 429986
1108 395475
1109 423289
1111 505551
1113 516194
1116 460927
1117 505551
1118 530885
1119 309740
1123 438383
1124 146992
1125 159473
1126 193667
1127 140508
1128 118797
1129 363831
1130 394909
1131 363831
1135 394909
1140 446544
1143 395708
1144 360166
1145 395708
1146 389545
1147 471386
1148 390136
1149 360166
1150 395035
1152 334361
1153 275234
1154 360166
1155 446875
1158 413834
1159 419190
1161 429161
1163 387236
1164 434715
1167 501549
1169 383213
1171 420312
1173 383213
1178 409301
1182 472584
1184 380401
1186 472228
1187 275725
1188 360810
1189 409301
1190 232115
1191 404577
1194 390729
1198 472417
1199 364743
1201 395899
1202 141370
1203 139720
1204 150674
1205 113920
1206 112242
1207 129688
1208 129688
1211 175662
1212 116446
1214 124500
1215 175662
1216 127445
1217 135715
1219 178488
1220 142693
1222 132447
1223 116344
1224 144378
1226 186874
1227 369574
1228 483698
1229 399719
1231 483698
1232 373453
1233 373453
1234 373453
1235 373453
1237 373453
1238 369574
1239 373453
1240 419243
1241 400326
1243 399719
1245 463318
1246 463318
1247 401275
1249 383170
1250 401275
1251 396149
1252 303403
1253 382588
1254 388641
1256 435726
1260 407094
1261 451169
1263 457008
1265 527667
1266 402865
1267 396149
1268 562600
1269 465277
1270 481038
1271 471922
1275 429535
1276 501140
1277 434033
1278 434033
1279 434033
1281 502611
1282 496379
1284 513193
1285 383170
1286 357448
1287 401275
1288 357448
1290 421487
1291 509265
1292 430885
1294 437092
1296 329514
1297 521572
1298 384040
1301 437092
1304 521572
1305 446294
1306 431672
1307 431017
1308 398511
1310 412318
1311 482229
1312 482229
1313 368173
1314 404504
1315 482229
1318 434169
1319 428135
1321 429435
1322 415915
1323 337321
1324 283801
1325 330722
1328 283801
1329 259178
1332 471703
1335 471703
1336 395301
1338 390399
1341 364192
1342 492837
1343 492837
1344 376556
1345 264927
1347 376556
1349 380509
1350 118788
1351 149126
1352 124840
1353 129758
1356 112762
1357 115780
1358 147554
1359 153227
1360 444096
1361 525126
1362 606317
1364 506644
1366 179345
1367 420312
1368 252808
1370 414471
1373 387236
1374 417326
1375 397892
1376 481487
1377 403500
1378 371746
1379 397892
1380 481850
1382 403500
1383 417326
1384 367884
1385 404187
1386 107558
1387 110436
1388 140744
1390 432143
1392 148680
1393 134651
1394 172863
1396 172863
1398 112677
1399 111018
1400 180985
1401 149031
1406 372342
1407 362031
1409 406420
1410 469258
1411 469258
1412 393624
1413 304657
1414 398121
1415 398121
1416 398121
1418 427384
1419 464680
1421 410685
1422 146307
1424 133680
1425 155801
1426 142927
1427 123700
1428 125550
1429 399591
1431 482810
1432 405298
1433 398985
1434 482810
1435 418473
1436 398985
1438 405298
1439 372767
1440 399591
1441 482810
1442 399591
1443 372767
1444 397629
1445 403307
1446 402621
1447 370937
1449 480439
1450 397629
1451 452837
1452 300481
1453 405276
1454 405276
1455 378070
1456 489678
1457 378070
1459 404661
1460 410364
1461 419003
1462 404661
1463 489678
1465 185256
1466 140720
1468 149852
1469 185256
1470 140720
1471 185256
1472 128576
1473 166056
1475 136369
1476 133680
1477 133680
1478 166056
1482 155801
1483 304657
1484 476585
1485 367961
1486 399392
1488 476585
1489 400072
1491 413078
1493 367961
1494 476945
1495 476945
1496 394439
1497 400072
1498 393841
1499 490048
1500 306750
1502 259352
1503 489678
1504 374143
1505 314457
1508 413174
1509 248515
1511 413878
1512 407432
1513 407432
1515 425700
1517 287872
1519 413174
1520 429925
1521 424593
1522 444657
1524 148632
1525 194652
1527 119402
1530 484502
1531 370188
1532 419939
1534 555981
1535 481531
1537 424482
1540 405544
1541 405544
1542 286538
1543 411960
1544 405544
1545 425352
1546 374959
1549 313000
1550 411960
1551 491117
1553 187373
1554 154290
1556 154290
1557 114936
1558 132800
1559 573251
1560 421833
1561 421833
1562 141555
1564 161546
1565 120341
1566 142334
1568 137640
1569 160172
1571 110144
1572 425352
1573 419918
1574 374959
1576 491117
1578 419918
1580 192392
1582 634014
1583 204067
1584 140329
1585 178840
1586 170834
1587 531825
1588 523542
1589 352409
1592 389252
1594 115673
1595 134797
1598 154615
1600 109873
1601 109873
1602 140025
1604 499321
1605 418842
1607 290547
1612 469050
1614 559177
1615 388243
1617 457625
1618 592717
1620 496714
1622 397026
1623 370937
1624 397026
1626 332718
1627 409635
1628 364895
1629 388641
1630 468318
1632 416070
1633 496861
1634 410287
1639 410287
1641 379345
1642 360810
1644 404070
1645 417757
1646 423163
1647 409840
1648 417757
1649 425493
1655 438235
1656 423716
1659 368380
1661 509265
1662 435764
1663 361096
1664 391818
1666 434240
1667 425287
1669 448236
1670 541994
1671 454637
1672 413803
1673 454637
1675 453864
1676 541585
1678 418147
1679 454637
1680 454637
1682 541994
1683 509912
1684 310752
1685 595245
1686 499682
1687 595245
1688 459576
1689 400246
1690 370061
1691 370061
1692 414432
1693 405887
1694 419796
1695 405887
1701 405887
1704 419796
1705 462695
1706 461994
1708 484559
1711 485014
1713 400807
1715 466890
1716 472932
1717 450908
1718 117710
1719 140000
1720 466890
1721 193150
1722 175756
1723 117710
1727 157135
1728 140000
1729 152930
1730 451593
1733 402328
1735 473991
1739 397895
1740 365959
1741 397218
1744 365959
1745 389300
1746 408315
1747 395460
1752 379937
1753 497262
1754 411553
1755 497262
1757 362864
1761 344399
1765 365391
1766 410193
1767 365391
1768 194817
1769 148758
1770 165387
1771 505836
1772 424627
1773 418013
1775 505836
1776 506217
1779 423905
1780 386488
1783 383170
1784 353735
1785 353735
1786 109363
1787 167779
1789 116446
1790 175662
1791 124500
1793 116446
1794 144647
1795 135715
1797 369565
1798 365726
1800 396158
1801 479023
1803 478662
1804 365726
1805 414718
1807 430299
1808 421427
1809 430299
1810 388263
1811 421427
1812 384229
1813 430299
1814 384229
1815 502879
1816 405092
1817 388263
1818 118729
1819 403916
1820 396149
1823 444561
1824 445318
1825 444561
1826 453920
1827 459795
1828 409576
1829 405321
1830 530484
1831 409576
1832 402350
1833 353735
1834 357448
1837 390683
1838 403916
1839 116678
1840 135968
1841 114959
1842 179000
1844 377393
1846 114959
1847 166659
1849 202393
1853 348300
1854 473033
1856 421487
1857 426779
1858 421487
1860 509649
1861 435764
1862 420847
1864 421487
1865 434259
1867 454779
1868 439711
1869 405108
1870 433600
1871 405108
1872 384604
1873 524697
1874 440460
1875 433600
1877 383170
1878 387981
1880 388641
1882 414718
1883 400522
1884 485036
1885 374204
1886 406167
1887 406167
1888 406167
1893 406859
1894 503960
1895 388803
1896 436475
1897 422733
1898 416149
1900 384764
1901 503960
1902 422014
1903 416781
1904 341081
1905 430899
1908 416781
1909 416149
1912 411775
1913 405977
1914 372942
1915 329164
1916 397176
1917 436369
1918 450555
1919 401345
1921 397176
1922 435627
1923 430226
1924 397176
1925 519824
1928 227279
1929 284091
1930 297404
1931 408992
1932 390538
1933 403767
1934 390538
1935 462968
1937 372942
1938 339357
1939 227279
1940 233361
1941 328390
1942 270319
1943 426047
1944 417262
1947 380432
1948 384425
1949 169967
1950 417973
1952 156225
1953 110756
1954 116377
1956 137645
1959 189722
1960 295283
1961 295283
1962 428499
1963 434538
1964 435278
1966 380079
1967 380079
1968 318182
1969 333092
1970 421000
1971 270052
1972 287541
1973 421000
1974 419019
1975 327675
1976 318906
1977 329653
1978 252030
1980 328390
1981 339357
1982 284091
1984 245206
1985 462968
1987 227279
1989 413823
1990 402777
1991 270319
1992 383170
1993 357448
1994 395740
1995 501140
1996 434033
2001 515470
2002 469172
2004 508213
2005 474097
2007 508213
2010 514594
2012 507442
2013 514594
2014 532227
2015 322175
2016 322175
2017 170009
2018 172016
2019 172016
2020 147593
2022 138616
2024 183338
2025 310794
2026 335868
2027 437908
2028 404268
2029 443407
2030 456849
2032 436347
2033 437244
2037 207721
2038 161534
2039 411463
2040 498285
2041 384425
2042 426047
2043 417262
2044 498285
2045 384425
2046 497909
2050 426047
2054 426047
2055 380432
2056 411463
2059 498285
2061 498285
2062 384425
2063 412088
2068 452768
2069 484612
2070 508282
2071 452768
2072 491442
2073 586426
2074 424880
2075 411503
2077 405094
2078 374543
2079 405709
2080 411503
2081 387981
2083 383170
2087 387236
2088 501549
2089 429161
2090 383213
2091 415100
2092 434715
2095 443964
2096 395475
2097 303923
2099 145106
2100 179389
2101 115209
2102 116931
2103 115209
2104 115209
2105 159086
2106 454457
2107 151155
2108 147663
2109 400807
2110 485014
2111 485014
2112 401416
2114 431371
2115 411907
2117 417790
2118 417079
2120 364322
2121 471871
2122 364322
2123 411385
2124 367340
2126 403589
2129 357448
2130 387981
2132 382588
2133 388641
2135 245206
2139 410049
2142 366147
2143 396013
2145 479213
2146 382034
2147 427841
2148 485380
2149 374469
2150 518524
2152 518916
2153 405725
2154 483318
2155 400012
2156 400012
2157 400012
2158 373160
2159 418914
2162 422966
2163 488362
2165 406907
2169 447434
2170 357177
2171 413690
2172 463293
2176 401308
2178 409635
2180 396738
2182 410297
2183 370214
2185 415607
2187 415607
2188 479503
2189 410297
2190 411735
2191 412436
2192 375392
2194 375392
2196 491684
2204 457934
2205 473446
2206 427194
2208 553304
2209 479573
2210 553304
2211 463684
2212 453616
2213 404072
2217 477358
2218 413435
2219 477358
2220 399738
2223 394781
2225 368280
2226 372989
2228 404849
2231 331526
2234 428487
2235 419653
2236 414449
2237 386628
2238 418157
2245 416149
2247 280175
2248 416149
2250 403916
2251 395588
2252 403916
2253 409144
2254 403916
2255 403916
2256 364457
2257 472046
2258 390090
2260 390090
2261 491904
2262 379789
2263 412932
2264 381820
2265 415140
2266 414434
2270 411206
2271 411206
2273 423006
2274 315302
2275 494356
2277 350654
2278 323972
2279 439936
2280 373618
2283 143375
2284 123034
2286 418003
2288 443075
2290 389221
2291 431362
2292 462968
2293 463318
2294 396149
2295 396149
2296 357448
2297 396149
2298 382588
2299 382588
2304 463318
2307 382588
2309 387981
2310 462968
2311 353735
2312 396149
2313 401275
2314 387981
2315 401275
2316 283317
2317 245206
2318 463318
2319 401275
2320 463318
2321 388641
2322 382588
2323 463318
2324 388641
2325 357448
2326 396149
2327 401275
2328 408847
2329 403623
2330 395301
2331 408847
2332 389807
2333 403623
2334 390399
2335 389807
2336 360409
2337 388641
2338 387981
2339 463318
2342 396149
2345 396382
2346 421984
2347 407540
2348 371875
2349 479503
2350 415607
2351 396252
2352 479503
2356 309543
2359 111642
2360 147661
2361 138542
2362 147661
2364 118872
2365 396064
2368 403882
2370 411684
2371 419939
2373 414574
2374 419939
2375 406026
2376 484502
2377 374074
2378 484867
2380 400383
2382 353496
2383 321706
2385 372342
2386 463318
2387 396149
2388 401275
2389 314100
2390 294959
2391 269503
2392 383170
2393 357448
2394 401275
2395 387981
2396 463318
2397 396149
2398 401275
2399 432805
2400 432805
2401 432805
2402 446875
2403 515967
2407 515578
2409 441166
2410 398067
2411 425352
2414 395318
2417 378895
2420 382588
2423 462968
2426 472060
2427 383170
2430 390265
2431 395166
2433 360286
2434 471542
2435 360286
2438 362157
2439 410830
2440 113827
2441 141254
2442 138769
2445 404504
2446 398204
2447 481865
2448 398809
2452 404187
2453 371746
2454 242696
2456 404187
2457 367884
2461 407748
2462 389350
2463 394238
2464 470791
2466 394238
2469 402538
2472 359440
2473 395974
2474 389807
2475 369310
2476 360409
2477 395301
2479 417995
2480 412655
2481 431090
2482 425744
2483 397165
2487 424880
2490 372989
2491 399223
2493 405539
2494 399223
2496 438603
2497 390699
2498 506035
2499 433000
2500 390699
2501 295465
2502 424794
2503 506035
2504 418178
2506 409143
2507 409143
2508 423163
2509 488590
2510 373030
2512 390989
2513 472417
2515 364743
2516 404233
2518 390989
2519 404233
2520 396149
2522 428620
2523 419782
2524 434167
2528 398196
2529 398196
2530 481124
2531 403882
2532 481487
2533 410607
2534 365761
2535 405361
2536 405361
2537 365761
2538 474093
2543 492441
2544 375970
2545 421049
2547 390538
2548 395442
2551 569576
2552 576728
2553 481487
2554 398196
2555 398196
2556 376686
2557 397592
2558 411684
2559 367607
2562 371466
2563 371466
2564 426779
2565 421487
2566 426779
2567 509649
2568 509265
2569 441403
2570 421487
2571 420847
2572 427506
2573 393193
2574 435764
2575 435764
2576 393193
2577 501140
2579 501140
2580 420367
2581 386628
2582 420367
2583 420367
2584 386628
2585 497691
2586 411282
2589 431371
2590 411907
2591 402151
2592 388975
2595 469983
2596 469983
2597 362864
2599 430088
2600 436230
2601 430088
2603 401217
2604 401217
2608 424583
2609 439132
2611 433521
2612 418682
2615 433521
2616 410554
2617 396501
2618 370446
2619 397103
2621 366598
2622 410554
2623 402089
2624 404233
2625 472773
2626 390989
2627 409465
2630 409465
2632 360954
2635 450471
2637 459172
2638 537027
2640 443455
2641 427424
2642 419324
2643 432955
2645 412793
2649 395442
2651 373696
2652 373696
2653 484378
2654 369814
2655 399979
2656 400586
2657 406307
2658 413006
2659 399475
2662 418351
2664 399475
2665 372659
2666 372659
2668 482669
2669 399475
2670 368787
2672 491117
2673 378895
2674 411960
2675 405544
2676 411260
2680 383170
2681 383170
2682 329164
2683 329164
2684 388641
2688 487335
2689 422395
2691 409096
2693 416999
2694 487335
2696 376261
2697 487335
2698 399135
2699 404835
2700 404147
2701 482259
2702 372342
2703 482259
2704 482259
2705 482259
2706 417995
2707 368474
2708 398530
2709 399135
2710 372342
2711 389943
2712 385893
2714 423252
2715 406052
2716 344383
2717 260377
2718 277240
2720 111508
2721 126942
2722 136761
2723 109865
2724 129944
2727 303403
2728 387981
2729 463318
2730 462968
2731 401275
2732 357448
2733 401275
2734 353735
2735 295283
2736 387981
2737 430596
2738 436169
2739 503606
2740 503606
2741 430596
2742 430596
2743 430596
2744 503606
2745 399792
2746 282474
2749 472970
2750 391152
2752 404402
2753 409635
2754 413820
2755 413116
2756 380606
2757 392153
2758 474542
2759 411307
2760 392749
2761 436944
2762 431362
2763 416596
2764 294712
2767 504501
2768 423187
2770 482623
2775 424538
2776 410472
2777 405382
2778 378170
2779 419114
2780 404767
2781 490177
2782 510595
2784 510595
2785 389830
2787 405709
2788 378475
2789 424880
2790 517435
2791 448484
2792 427599
2793 395351
2794 442754
2798 399501
2799 493138
2800 380995
2801 395351
2802 434364
2805 411960
2806 411960
2807 411260
2808 378895
2809 368498
2810 397388
2811 296028
2812 419092
2813 342039
2815 319911
2816 296028
2818 382588
2821 313955
2822 291412
2825 153137
2826 132537
2827 156759
2828 295106
2829 471090
2830 288288
2832 395460
2833 363719
2839 389892
2840 359941
2841 353735
2843 463318
2844 382588
2845 388641
2846 439043
2847 418597
2848 506924
2849 425219
2850 506542
2851 391090
2855 506924
2858 415956
2859 371422
2860 486117
2861 408074
2862 415956
2864 408074
2865 401718
2867 407380
2868 415956
2870 382611
2871 428487
2873 500762
2874 428487
2876 500762
2877 382611
2883 357448
2884 357448
2885 383170
2886 437955
2889 490572
2891 410803
2894 481487
2895 417012
2898 371466
2900 411684
2902 382034
2903 311637
2904 598001
2905 398756
2906 437360
2907 521891
2908 402942
2909 398756
2910 450774
2911 522071
2912 398893
2913 398893
2914 432085
2915 450774
2921 480215
2922 423322
2924 465095
2925 427766
2926 480215
2927 465095
2930 427766
2932 458547
2933 465095
2934 554462
2935 423322
2937 427075
2938 516802
2939 399012
2940 517192
2941 399012
2942 427724
2943 427075
2945 442212
2946 394867
2947 387236
2949 501549
2950 429161
2951 387236
2953 314186
2954 306927
2955 405301
2957 396149
2958 383170
2959 308838
2960 297004
2962 400586
2965 397929
2968 397929
2976 378070
2978 419003
2980 503579
2982 422733
2983 503579
2984 430899
2985 422733
2986 416781
2987 416149
2988 393193
2989 389108
2990 441403
2992 509265
2993 426779
2994 509265
2995 393193
2997 469109
3002 520050
3003 426355
3004 426355
3005 406500
3006 407118
3007 375843
3008 301847
3009 407118
3012 412932
3014 492275
3015 379789
3016 412229
3017 387690
3018 393823
3021 469495
3022 358451
3023 469495
3024 362214
3025 358451
3026 358451
3027 393154
3028 358451
3029 476945
3030 400072
3031 400072
3032 357448
3033 387981
3035 408928
3036 313190
3037 306997
3038 396149
3039 388641
3040 431484
3041 424763
3042 514004
3045 424763
3047 397278
3051 361596
3052 473614
3053 410193
3054 391684
3055 410193
3056 404952
3057 396602
3058 396602
3059 401275
3060 479574
3064 401594
3065 410049
3066 402278
3067 479574
3068 369990
3069 479213
3071 479574
3072 369990
3073 479574
3074 369990
3076 314048
3077 401594
3078 290226
3079 425655
3080 391491
3084 493833
3085 377317
3086 369814
3087 378558
3088 429435
3090 495457
3091 415207
3093 415915
3094 495457
3095 429435
3096 378558
3097 423949
3098 415207
3099 415915
3101 293811
3102 320276
3103 395945
3105 258089
3106 416137
3107 374469
3108 355516
3109 297619
3110 406456
3113 176609
3114 184907
3116 107945
3118 141191
3119 485552
3121 406907
3122 406907
3123 370990
3125 398869
3126 363044
3127 398191
3128 475152
3129 478263
3130 400496
3132 478263
3134 397895
3135 365959
3137 365959
3139 423949
3140 415915
3141 415207
3142 423949
3144 378558
3145 429435
3146 429435
3147 358392
3148 495831
3149 429435
3150 409144
3151 390090
3152 395588
3153 396262
3154 523355
3156 453616
3159 523750
3161 476945
3162 393841
3163 407800
3164 409531
3165 378646
3166 410153
3167 429534
3168 409531
3169 378646
3170 416011
3171 415303
3172 324756
3173 495572
3174 415303
3175 410153
3177 409531
3178 259812
3180 481138
3181 416709
3182 397303
3183 367340
3186 481138
3187 371196
3189 481138
3192 481138
3193 402903
3194 371196
3195 403589
3196 481138
3197 411385
3198 402903
3199 376314
3200 407627
3202 380264
3203 248257
3204 287573
3206 376314
3207 421435
3209 426889
3211 412691
3212 452644
3213 453415
3215 462173
3216 462173
3219 331439
3220 417023
3221 540537
3222 472228
3223 396414
3225 472584
3227 343138
3228 396414
3229 360810
3230 390833
3231 364597
3232 390240
3235 401131
3237 401131
3238 401131
3239 370316
3240 370316
3241 312359
3242 406859
3243 379462
3247 404233
3248 390989
3249 390989
3250 486484
3251 371422
3252 401718
3253 407380
3254 486484
3255 402328
3256 407380
3258 486117
3259 415956
3261 383170
3262 357448
3263 396149
3267 388641
3268 383170
3269 357448
3270 396149
3273 462968
3274 620990
3276 609222
3279 599733
3281 608186
3282 382588
3283 396149
3284 382588
3285 387981
3286 357448
3287 396149
3288 357448
3289 401275
3290 387981
3291 383170
3293 396149
3296 383170
3297 245206
3298 248871
3301 174490
3303 397892
3305 174490
3308 419092
3312 506754
3313 386898
3315 427219
3316 381479
3317 412595
3319 413222
3320 419123
3321 427219
3322 362654
3324 394301
3325 469711
3326 253111
3327 420304
3328 491198
3330 491198
3332 425743
3333 434538
3334 435278
3335 443687
3336 165662
3337 191494
3338 172188
3339 136080
3340 387981
3341 305126
3343 414651
3345 339336
3346 234855
3348 395942
3349 401596
3350 409354
3351 414651
3353 241140
3356 414651
3358 383170
3359 401275
3361 388641
3366 387981
3367 468215
3368 386924
3369 468215
3374 477666
3379 414014
3380 394734
3384 418778
3385 399985
3386 345128
3388 367843
3389 367843
3391 419025
3393 320117
3394 326301
3395 317568
3398 284988
3399 415049
3401 403881
3402 403881
3403 409649
3405 403269
3406 372856
3407 485263
3408 427772
3409 342616
3410 388299
3412 362783
3413 388889
3414 359015
3415 388299
3416 388889
3417 359015
3418 407265
3419 393771
3420 394442
3422 504183
3425 463717
3427 601061
3428 458899
3429 496331
3430 353735
3435 409441
3438 405187
3440 453770
3441 398196
3442 398196
3443 367607
3444 367607
3445 113652
3446 513471
3447 430303
3449 439362
3450 439362
3454 439362
3455 392322
3456 430303
3457 396440
3458 396440
3459 430303
3460 513858
3463 397236
3464 410150
3466 410150
3467 405616
3468 419515
3469 405616
3470 400586
3471 405616
3473 373696
3475 399979
3476 405616
3481 390989
3482 395899
3483 472773
3484 360954
3486 401613
3488 390989
3489 270396
3495 289099
3496 335882
3498 366147
3500 415355
3501 109363
3503 134131
3504 127445
3506 116446
3507 109363
3508 124500
3509 144647
3510 109363
3512 109363
3513 124500
3514 144647
3515 387981
3517 116446
3518 401275
3520 396149
3521 383170
3524 274700
3525 312721
3527 353735
3528 357448
3530 395442
3531 311104
3532 396115
3533 396149
3535 477574
3536 394360
3537 131366
3538 413622
3539 413622
3540 156675
3541 418125
3542 182579
3543 178360
3544 417414
3545 417414
3546 308838
3547 329164
3548 472402
3549 364457
3552 360671
3553 396262
3554 395588
3555 397907
3556 371196
3557 402903
3558 402903
3561 397303
3562 397907
3563 371196
3565 404849
3566 276510
3568 363213
3569 407748
3570 407748
3571 394238
3572 394238
3576 394274
3577 101322
3578 388133
3579 118134
3581 104034
3582 126650
3583 136075
3584 146744
3585 358861
3586 118134
3587 137682
3588 394274
3590 136075
3592 289345
3593 473176
3594 296188
3595 353735
3597 388641
3598 134131
3600 109363
3601 116446
3602 163885
3603 124840
3604 353735
3606 357448
3608 383170
3611 383170
3614 353735
3617 399005
3618 398327
3619 392791
3621 391985
3622 382887
3623 337942
3624 313374
3625 391985
3626 391985
3627 313374
3628 272055
3631 391152
3633 111642
3635 179322
3637 112338
3638 139839
3639 121401
3640 464055
3641 119181
3643 429130
3644 113424
3645 164943
3646 150109
3647 429130
3648 110468
3651 147661
3654 127094
3655 109997
3656 372342
3657 424540
3659 308614
3661 504685
3663 435434
3666 404681
3669 127744
3670 104933
3674 144647
3677 109363
3678 116446
3681 130690
3682 102548
3683 284091
3685 152299
3686 132519
3687 152368
3688 121371
3690 136225
3691 270509
3693 140176
3698 434903
3701 134863
3702 144031
3703 122956
3704 103379
3705 365146
3709 165005
3710 153009
3712 149084
3713 405065
3714 377874
3716 126030
3718 146867
3719 188860
3723 417012
3725 371466
3726 99875
3727 118788
3728 387981
3729 463318
3730 353735
3731 396149
3732 135715
3733 135715
3734 124500
3736 383170
3738 129758
3739 134131
3740 107753
3741 383170
3742 383170
3743 142501
3745 113140
3746 130725
3747 133817
3748 151522
3749 151880
3750 179247
3751 109952
3752 390989
3753 396573
3756 118822
3757 138485
3758 109952
3759 138485
3761 118822
3763 462968
3765 245206
3766 367884
3767 367884
3768 481487
3769 417326
3771 255014
3772 371746
3773 403500
3774 404187
3775 367884
3776 397892
3777 481487
3778 398496
3779 397892
3782 383170
3783 124500
3787 371466
3789 121298
3791 113920
3792 129688
3793 150674
3795 135819
3796 183032
3797 157797
3799 108955
3800 136189
3802 389943
3803 505437
3805 481865
3806 115018
3807 113324
3809 152126
3810 105039
3811 156836
3812 134034
3813 410717
3814 405470
3815 232627
3816 365859
3818 392185
3819 474219
3820 362058
3821 250975
3822 397786
3823 391590
3824 392185
3825 413823
3826 305983
3827 412348
3828 413823
3830 500383
3832 439048
3833 530885
3835 453920
3836 716780
3837 634283
3838 634283
3840 719528
3847 476993
3848 483716
3849 483716
3850 493900
3851 445650
3852 411063
3854 357236
3856 141605
3857 138334
3859 219577
3860 180809
3862 145557
3863 219577
3864 167664
3865 148711
3866 119465
3868 129103
3869 121251
3870 368173
3871 412318
3874 368173
3876 403817
3877 148557
3878 127865
3879 110665
3880 127865
3882 474542
3884 167779
3885 116446
3886 135715
3887 253950
3888 289099
3889 472417
3890 303473
3892 472417
3893 409465
3895 396149
3896 387981
3897 414551
3899 408714
3900 414551
3901 408094
3903 422559
3905 494206
3906 408094
3907 377317
3908 413846
3909 377317
3910 413846
3911 426744
3913 397892
3915 371746
3916 361961
3918 147599
3919 130046
3920 109952
3922 130046
3923 127041
3924 118822
3925 118822
3926 118822
3927 136869
3928 109952
3929 127041
3932 147193
3934 104599
3935 305234
3936 387981
3938 401275
3939 388641
3940 264989
3942 399743
3943 463318
3944 401275
3945 469182
3946 406355
3947 392892
3949 401163
3950 468829
3951 391812
3952 463318
3953 462968
3954 353735
3955 383170
3956 399743
3957 308838
3958 283317
3959 283317
3960 381804
3962 357448
3965 422861
3966 429551
3967 443515
3968 390970
3969 395074
3970 512088
3971 390970
3972 404457
3973 337901
3974 444841
3976 373387
3979 463318
3980 357448
3982 397907
3983 397303
3984 403589
3992 496891
3995 357448
3996 387981
3997 462968
4000 508741
4001 434987
4002 440616
4003 508357
4004 344317
4006 357882
4007 435764
4008 393193
4009 435764
4010 509649
4011 435764
4012 427506
4013 426779
4014 509265
4015 420847
4016 435764
4017 420847
4020 513678
4021 439208
4023 430885
4024 354912
4025 426889
4026 407627
4027 413448
4028 407627
4030 421435
4031 421435
4032 492891
4034 407627
4035 407627
4037 421435
4038 426889
4040 400418
4041 368280
4042 477358
4044 368280
4046 314484
4047 252636
4048 519086
4049 429614
4051 444167
4052 519477
4053 475840
4054 372038
4055 255835
4056 412121
4057 456432
4058 268873
4059 447021
4060 407564
4061 441478
4062 533823
4063 355835
4064 456432
4065 533420
4066 349573
4067 440808
4069 305313
4072 403916
4073 395588
4074 390090
4075 360671
4076 390090
4077 364457
4078 472402
4079 364457
4080 419563
4081 396115
4082 270868
4084 321382
4085 403916
4087 478933
4089 109363
4090 116446
4091 116446
4092 107753
4093 383170
4094 388641
4097 425161
4098 405977
4099 490896
4100 378725
4101 411075
4103 265799
4104 374791
4105 391152
4108 472613
4109 364895
4110 472613
4111 396738
4115 342073
4118 473614
4120 473256
4123 209430
4124 131047
4125 190570
4126 170379
4127 167011
4128 396602
4129 373696
4131 484012
4132 406307
4133 373696
4136 400586
4137 369814
4139 373696
4140 369814
4141 411553
4142 383926
4143 417430
4144 425493
4145 410928
4146 352715
4147 244115
4148 417430
4150 425493
4158 401275
4159 411503
4160 490202
4161 410803
4163 463318
4165 357448
4167 109540
4168 132989
4170 116820
4171 132989
4174 141010
4175 122418
4176 184670
4177 133980
4178 122418
4179 184670
4180 486710
4181 375779
4182 104997
4183 107807
4184 131242
4185 114972
4186 419025
4191 425655
4192 187297
4193 152373
4194 114143
4195 114143
4196 152373
4197 135758
4198 408512
4199 443407
4201 419733
4202 386044
4203 500383
4204 419019
4205 419019
4207 388641
4208 387981
4209 175662
4210 109363
4211 163885
4212 99875
4213 127445
4214 368979
4215 404835
4216 383170
4217 387981
4218 463318
4219 415100
4220 330670
4222 140462
4223 131375
4226 149978
4227 119077
4228 416059
4229 398204
4234 382588
4236 127445
4238 116446
4239 129758
4240 132809
4241 114630
4242 114630
4245 186874
4246 123879
4247 144378
4249 473614
4252 396602
4253 391684
4254 397278
4256 396602
4257 473614
4258 404952
4259 427424
4260 499895
4261 316375
4262 243513
4263 399580
4264 318647
4265 424445
4266 304383
4268 415694
4269 382980
4272 496412
4273 410539
4274 382980
4275 415694
4276 508741
4279 508357
4280 440616
4281 388415
4282 420097
4283 142150
4285 206716
4286 411684
4287 397592
4288 417012
4289 315301
4290 481487
4291 481124
4293 481487
4294 417012
4295 394909
4296 363831
4297 471591
4298 395581
4299 403223
4300 363831
4303 146884
4304 397474
4305 396798
4308 121488
4309 104878
4310 132708
4311 152515
4312 127678
4313 132708
4314 104878
4316 102145
4317 136357
4321 136357
4322 132708
4323 167609
4324 133661
4326 163885
4328 401275
4329 163885
4330 99875
4331 133327
4332 124840
4334 129758
4335 99875
4337 406907
4338 370990
4340 407600
4341 406907
4345 401861
4346 407600
4347 406907
4349 365053
4350 238326
4351 276070
4352 166811
4353 146884
4354 166811
4356 394909
4357 390012
4358 360052
4361 146884
4362 395899
4363 409465
4365 390396
4367 390396
4369 369456
4371 243733
4372 282333
4375 139297
4376 153254
4377 411844
4378 174873
4379 146394
4380 117119
4384 102000
4386 152299
4387 396236
4388 104730
4389 167372
4390 127496
4391 142546
4393 173168
4394 173168
4395 156829
4396 155710
4397 155710
4398 128145
4399 110625
4400 155673
4402 176793
4403 134673
4406 399745
4407 367661
4408 306898
4410 476555
4411 412740
4412 363842
4414 393519
4416 344459
4417 476555
4418 394117
4419 393519
4422 183137
4423 121401
4427 114017
4430 383170
4431 388641
4432 307094
4433 367884
4434 275588
4435 397892
4437 397076
4438 367884
4439 481850
4441 412229
4442 412932
4443 413317
4444 380143
4445 421301
4446 492363
4447 376194
4448 380143
4449 241710
4451 412740
4452 394117
4453 367661
4454 412900
4455 429550
4456 512572
4457 314529
4458 429550
4459 500790
4460 467173
4461 103319
4462 135197
4463 415113
4464 401359
4466 478933
4467 396382
4469 395781
4470 479294
4471 398204
4475 481865
4476 404504
4477 481865
4478 398809
4479 403817
4480 388697
4481 130348
4483 139952
4488 396555
4489 171010
4490 123953
4492 171010
4493 150581
4494 135400
4495 107006
4496 123953
4497 171010
4498 130268
4499 136373
4500 135400
4501 136373
4504 107006
4506 384944
4508 418537
4509 432143
4511 169029
4512 418537
4513 426622
4514 384944
4517 380945
4519 417825
4521 133583
4522 498581
4524 154739
4525 396798
4528 396149
4531 401321
4532 395071
4533 505056
4534 423972
4535 423252
4536 423972
4537 423252
4539 385893
4540 437755
4541 393526
4542 392929
4547 402863
4548 389073
4549 395229
4550 389073
4551 413846
4552 408714
4553 408094
4555 361980
4557 395071
4558 425077
4560 386898
4561 506754
4562 390959
4568 383170
4573 403500
4575 367884
4576 363213
4577 394238
4579 389350
4580 363213
4581 394910
4582 394238
4583 388641
4585 446581
4586 446581
4587 440875
4588 515628
4589 431785
4591 440875
4592 362727
4593 361261
4594 335254
4597 396910
4599 361261
4600 472819
4601 463318
4602 357448
4603 353735
4606 357448
4607 382588
4608 353735
4611 387424
4612 419025
4613 507060
4614 378009
4615 410717
4616 473862
4617 405470
4619 397786
4621 362058
4622 410717
4623 397110
4625 289984
4626 397786
4627 423159
4628 494908
4629 423159
4630 408674
4631 324089
4633 389108
4634 427506
4635 389108
4636 312500
4637 346282
4638 289889
4640 404233
4643 469878
4645 362783
4646 362783
4647 394442
4648 388299
4649 409595
4650 129388
4654 147297
4655 383170
4656 129388
4658 129388
4660 414827
4661 480439
4664 397026
4666 416418
4667 397026
4668 345738
4669 407325
4670 258993
4671 308038
4673 435973
4674 406718
4675 260447
4676 400991
4677 406718
4678 227279
4679 284091
4680 401275
4681 405616
4683 400586
4687 382588
4690 462968
4691 357448
4692 462968
4693 149126
4695 144307
4696 102094
4697 391090
4701 132642
4702 132642
4705 152440
4706 236106
4708 403734
4709 371330
4710 480948
4711 403734
4712 371330
4714 398050
4715 242424
4716 397446
4718 236106
4719 481311
4721 481311
4722 403734
4723 403734
4724 480948
4726 398050
4728 403734
4730 398050
4731 423787
4732 378414
4733 139808
4734 133550
4735 175318
4736 415049
4737 429271
4739 109702
4740 175318
4741 109702
4742 106843
4743 133186
4744 382386
4745 133550
4747 116993
4748 378414
4749 485014
4750 420384
4751 415013
4752 415013
4753 407148
4754 401416
4755 344028
4757 370579
4758 260722
4759 415013
4760 400807
4761 370579
4763 374469
4764 359718
4765 416464
4768 109568
4769 462968
4772 140492
4773 155130
4774 134203
4775 127697
4776 134203
4777 155130
4778 110972
4779 131987
4780 182094
4781 514409
4782 165696
4783 113942
4784 131987
4785 160341
4786 131987
4787 474979
4788 548003
4789 460025
4790 371466
4792 403882
4795 115451
4796 398196
4797 397592
4798 149995
4799 420908
4801 375843
4802 412932
4803 379789
4804 394530
4805 357448
4808 462968
4809 382588
4810 401275
4811 382588
4812 404268
4813 458600
4814 408512
4815 404268
4816 472060
4817 403623
4818 395301
4822 360409
4827 403623
4828 390399
4830 364192
4831 405152
4832 365572
4833 473490
4834 479574
4837 479574
4838 402278
4839 401594
4842 396013
4843 421487
4846 389108
4847 509265
4848 426779
4850 509649
4851 426779
4852 509649
4853 426779
4855 389108
4856 271844
4857 355718
4858 457606
4860 463318
4861 462968
4862 383170
4863 396149
4864 387981
4865 388641
4867 388641
4868 383170
4869 371196
4870 480775
4871 397907
4873 403589
4874 402903
4875 403589
4876 403589
4877 397303
4878 403589
4879 397303
4880 367340
4881 373387
4884 462968
4885 353735
4886 387981
4887 357448
4889 409999
4890 365219
4891 409999
4894 462968
4895 388641
4897 387981
4899 395427
4900 471052
4901 471407
4902 363689
4903 297597
4904 389860
4905 353735
4906 357448
4907 387981
4908 462968
4909 401275
4910 387981
4911 401275
4912 387981
4913 387981
4914 357448
4915 463318
4916 357448
4917 383170
4918 408528
4919 400105
4920 400105
4921 408528
4923 364789
4926 477796
4927 368618
4929 438431
4930 423905
4931 438431
4932 438431
4934 423905
4936 309551
4937 359643
4938 386488
4940 438431
4941 418013
4942 432829
4943 438431
4944 385893
4947 389943
4948 432162
4951 379333
4952 406012
4953 491313
4954 425843
4955 406160
4957 378895
4958 405544
4959 433600
4960 525093
4961 525093
4962 433600
4963 525093
4965 452502
4966 431429
4967 398893
4968 398893
4969 398893
4970 522071
4972 502203
4973 502582
4974 415642
4975 387740
4976 415642
4977 420860
4979 415011
4982 399135
4983 372342
4985 482623
4986 396149
4987 357448
4988 463318
4989 401275
4991 407667
4993 414116
4994 407667
4998 257580
4999 298373
5000 427579
5001 376922
5002 380878
5003 407667
5005 407667
5007 407667
5008 376922
5010 486710
5012 486710
5013 421854
5014 416464
5016 411036
5017 411036
5018 410413
5020 401818
5022 379461
5023 430459
5024 416906
5026 336380
5028 403916
5029 364457
5030 364457
5032 494908
5033 428635
5034 428635
5035 494908
5036 494534
5038 423159
5039 415140
5041 431090
5043 330449
5044 440165
5045 440165
5047 444460
5048 436037
5049 310691
5050 310745
5051 397907
5053 411385
5054 481850
5055 365391
5057 296463
5058 473256
5059 410193
5060 391684
5062 390683
5063 365761
5064 365761
5068 296762
5069 250908
5070 319779
5072 246134
5073 410850
5075 353735
5084 422395
5089 403843
5093 377306
5095 403843
5096 361006
5097 361006
5098 361006
5103 473033
5104 390906
5105 409999
5106 396149
5108 401275
5109 462968
5110 387981
5113 382588
5115 394439
5116 407800
5117 413078
5120 349338
5124 425135
5125 379618
5126 115637
5127 188515
5128 379618
5131 395351
5134 443407
5135 401275
5137 463318
5138 388641
5139 339357
5140 297404
5141 353735
5142 401275
5143 382588
5144 401275
5148 449157
5151 400807
5153 296809
5154 401416
5155 374469
5156 406456
5157 415013
5158 407148
5159 415013
5161 317851
5162 420384
5163 370579
5165 420384
5166 485014
5167 370579
5170 423159
5172 436779
5173 390015
5174 427774
5175 390015
5176 421828
5177 250590
5179 367607
5180 481124
5181 371466
5183 411684
5184 401275
5185 388641
5186 383170
5187 353735
5188 357448
5189 463318
5190 383170
5191 396149
5192 388641
5193 353735
5194 463318
5195 388641
5196 383170
5197 396149
5198 382588
5199 357448
5200 382588
5201 396149
5202 227279
5204 382588
5205 383170
5206 353735
5207 389892
5208 389300
5209 403099
5210 471446
5211 409535
5212 410233
5213 409535
5214 377306
5215 489058
5216 502749
5217 415149
5218 421000
5219 383170
5220 387981
5221 353735
5222 462968
5223 387981
5224 396149
5225 359630
5227 389556
5228 359630
5229 402751
5230 395119
5231 470684
5232 250867
5233 382588
5234 387981
5235 462968
5236 383170
5237 383170
5238 387981
5239 382588
5240 411647
5241 353735
5243 407600
5244 420850
5245 406907
5246 406907
5247 370990
5248 374885
5249 420850
5251 401861
5252 420850
5255 406907
5256 401251
5257 370990
5258 401275
5259 462968
5260 401275
5261 382588
5262 401275
5263 382588
5264 463318
5265 383170
5266 387981
5267 383170
5268 357448
5269 388641
5270 463318
5271 396149
5272 463318
5275 462968
5276 463318
5277 357448
5279 477903
5280 401178
5281 478263
5282 400496
5283 440745
5284 508506
5285 420858
5286 440745
5288 426143
5289 420220
5293 388528
5294 388528
5295 420220
5296 491238
5297 412061
5298 406260
5299 405643
5300 493534
5301 413284
5302 413988
5303 267228
5304 408159
5305 380760
5306 493162
5307 408159
5309 413284
5310 386111
5311 493534
5312 413284
5313 506644
5314 506644
5316 433521
5318 326522
5319 419318
5321 506644
5322 391170
5323 433521
5324 425306
5325 391170
5326 418682
5327 371746
5328 367884
5329 401275
5330 387981
5332 411995
5334 397892
5336 411995
5340 409840
5341 417757
5342 423163
5343 403457
5345 494534
5346 377853
5347 428635
5349 428635
5350 381820
5352 423159
5353 401275
5354 357448
5355 462968
5356 357448
5357 401275
5358 388641
5359 383170
5360 401275
5361 382588
5362 396149
5363 462968
5364 462968
5366 387981
5367 353735
5368 462968
5369 382588
5371 408706
5372 390265
5373 364068
5374 395166
5376 395166
5378 389673
5380 420403
5381 375392
5382 375392
5383 420403
5385 425843
5387 491684
5388 394182
5389 477358
5390 318693
5391 476998
5392 394182
5393 408153
5394 364454
5396 372942
5397 233361
5399 463318
5401 353735
5402 353735
5403 463318
5405 383170
5407 357448
5408 396149
5409 401275
5410 382588
5411 388641
5413 388641
5415 357448
5416 382588
5417 462968
5418 383170
5419 389556
5420 402751
5421 395119
5422 359630
5423 374576
5424 298373
5425 463318
5426 387981
5428 387981
5429 396149
5432 353735
5434 404577
5435 409813
5436 409813
5437 396236
5438 365053
5439 471703
5440 395301
5441 471703
5442 395301
5443 408847
5444 360409
5446 360409
5447 395301
5448 395974
5449 364192
5450 403623
5451 463318
5452 353735
5453 387981
5454 353735
5455 372942
5456 233361
5457 382588
5458 387981
5459 401275
5460 353735
5461 303403
5463 353735
5465 463318
5466 383170
5467 353735
5468 463318
5469 388641
5471 339357
5472 233361
5473 383170
5474 363831
5478 360052
5479 472970
5480 390559
5481 472613
5482 396738
5483 396064
5484 472613
5485 366598
5487 480166
5490 396501
5491 415867
5492 479803
5493 400199
5494 373335
5495 405914
5496 400199
5497 413755
5498 383170
5499 387981
5500 387981
5501 388641
5502 396149
5503 388641
5504 382588
5505 383170
5506 463318
5508 353735
5509 462968
5510 387981
5511 401275
5512 462968
5515 401275
5516 357448
5517 462968
5518 462968
5519 387981
5520 357448
5521 295283
5522 462968
5523 357448
5526 382588
5528 463318
5529 387981
5530 382588
5531 463318
5532 401275
5533 387981
5534 382588
5535 382588
5536 310812
5537 291028
5539 387981
5540 353735
5541 474542
5542 397680
5543 383170
5544 353735
5545 368280
5546 399738
5548 394781
5549 413435
5550 368280
5551 394781
5552 368280
5553 368280
5554 171546
5556 405043
5557 473363
5558 111819
5560 137143
5562 353735
5563 383170
5564 388641
5565 353735
5566 387981
5568 329164
5569 283317
5570 353735
5571 383170
5572 290018
5573 248871
5574 329164
5575 264989
5576 264989
5578 245206
5580 405539
5581 413373
5582 404849
5583 399829
5584 405539
5586 411565
5587 398607
5589 116446
5590 109363
5591 167779
5592 175662
5593 124500
5594 382588
5595 462968
5596 144647
5597 109363
5598 135715
5599 144647
5601 109363
5602 191162
5603 119013
5604 157410
5605 182583
5606 363561
5607 254076
5608 203122
5610 119975
5611 139828
5612 128273
5613 138196
5614 413435
5615 394781
5616 360671
5617 395588
5618 472402
5621 107753
5622 107753
5623 127445
5625 134131
5626 167779
5628 127445
5629 144647
5630 396149
5631 244346
5632 169587
5633 159272
5634 169587
5637 159272
5638 195344
5639 181317
5640 210658
5643 365572
5644 473848
5645 366920
5646 353735
5647 388641
5648 383170
5649 353735
5650 387981
5651 359529
5652 321438
5653 323378
5654 357448
5655 382588
5656 383170
5657 462968
5659 388641
5661 277410
5662 406859
5663 485036
5664 370316
5665 463318
5669 401275
5670 387981
5671 387981
5672 421717
5675 421000
5676 502370
5677 264989
5680 396149
5681 353735
5683 382588
5684 383170
5685 382588
5686 382588
5687 462968
5688 383170
5689 401275
5691 401178
5694 394930
5696 414220
5697 395530
5699 477903
5700 394930
5701 379333
5702 375392
5703 379333
5705 463318
5706 388641
5707 382588
5708 353735
5709 462968
5710 388641
5712 353735
5714 353735
5715 462968
5716 283317
5717 353735
5720 390559
5722 391152
5723 409635
5724 315272
5725 311593
5726 289220
5727 250314
5728 250314
5729 472613
5730 309724
5731 430637
5732 410583
5733 166550
5734 239970
5735 392293
5736 357448
5737 401275
5739 382588
5741 382588
5743 396149
5744 357448
5747 423159
5749 408401
5751 376261
5752 245643
5753 424174
5754 367109
5758 483545
5760 205477
5761 153067
5762 165416
5763 197667
5764 171605
5765 258870
5766 247253
5768 171605
5769 200001
5770 197667
5771 258870
5772 187813
5773 158793
5774 213164
5775 472584
5776 409301
5777 395740
5778 390240
5779 428027
5780 206370
5781 216067
5782 177918
5783 414551
5784 413846
5786 328551
5787 324717
5788 308530
5790 492519
5791 426889
5792 407009
5793 421435
5794 372659
5797 483033
5798 413006
5800 368787
5801 398869
5802 413006
5803 368787
5804 150045
5805 174040
5806 174040
5807 132201
5808 139137
5810 113445
5811 395974
5814 111427
5816 170945
5817 170945
5818 111427
5819 129849
5820 109786
5822 136662
5823 147376
5824 118643
5825 170945
5826 109786
5828 126849
5829 138276
5830 129849
5831 178976
5834 116732
5835 147025
5836 473848
5837 365572
5838 405152
5839 397474
5840 312171
5842 410395
5843 296609
5844 271011
5845 119154
5846 130409
5847 179747
5848 179747
5849 127396
5851 137251
5852 127396
5853 130409
5854 119154
5855 119154
5856 473176
5857 396236
5859 473176
5860 396910
5861 409813
5863 361261
5864 111690
5865 111690
5867 440616
5868 440616
5871 402278
5872 415355
5875 396614
5876 369990
5878 402328
5879 408074
5880 401718
5881 486484
5882 421339
5883 432143
5884 498957
5885 412644
5886 418537
5888 411960
5889 265919
5890 310887
5891 295389
5892 360286
5893 389673
5894 345641
5895 302911
5896 408706
5897 356945
5898 435366
5899 161118
5900 139445
5903 161118
5905 173582
5906 396149
5908 401275
5909 382588
5912 388641
5913 205678
5914 325141
5915 325141
5916 282270
5918 135486
5919 138690
5920 157410
5921 503818
5922 191162
5924 191162
5925 117260
5927 157410
5928 145967
5929 117260
5931 144647
5934 134131
5935 124500
5936 167779
5938 109363
5939 107753
5940 144647
5941 135715
5942 127445
5943 127445
5944 107753
5945 127445
5946 127445
5947 144647
5948 167779
5950 144647
5951 109363
5952 175662
5953 124500
5955 134131
5956 124500
5957 139099
5958 139099
5960 113414
5961 173993
5963 129112
5965 111743
5969 401275
5972 353735
5974 353735
5975 388641
5976 387981
5978 382588
5981 388641
5983 144647
5984 167779
5985 123146
5986 155103
5987 133081
5988 153293
5989 443407
5990 142286
5991 153293
5992 133081
5993 124987
5994 145651
5995 191747
5996 153293
5997 155103
5998 200757
6000 419114
6001 410472
6002 424538
6003 312401
6004 429550
6007 219732
6008 188558
6010 231261
6011 233991
6012 188558
6013 200769
6014 185780
6015 249392
6016 188558
6017 233991
6022 466575
6023 420994
6025 506035
6027 484867
6028 407600
6030 370990
6032 400383
6033 406718
6034 370188
6035 400383
6036 400991
6038 318621
6039 389807
6043 408714
6044 414551
6048 414471
6049 429161
6050 501549
6051 501927
6053 415100
6054 490746
6056 374959
6058 406160
6059 139828
6060 153645
6063 138196
6064 128623
6066 395442
6067 429213
6068 449495
6069 434602
6071 333141
6073 461973
6075 446667
6076 441128
6077 533399
6078 429353
6079 261658
6080 268660
6082 326172
6083 439556
6085 456070
6086 447428
6087 447428
6088 446667
6089 461973
6090 378063
6092 268660
6093 441128
6094 456070
6096 446667
6097 461973
6099 407241
6101 461973
6103 456070
6105 441128
6108 405616
6109 400586
6110 399979
6111 414155
6112 400586
6114 140228
6116 345509
6117 303502
6118 376631
6121 489360
6122 431384
6123 473147
6124 327846
6125 372099
6126 439334
6127 432491
6128 433148
6129 438587
6130 447820
6131 333798
6132 399874
6133 378475
6134 410803
6135 374543
6137 303473
6138 396573
6139 472773
6140 390396
6141 262324
6142 305694
6143 421350
6144 305694
6145 487994
6146 403881
6148 318647
6149 352676
6150 410539
6151 382980
6152 379002
6153 416709
6155 617254
6156 607640
6157 617254
6158 401275
6159 383170
6160 168983
6161 160559
6164 135750
6165 170978
6166 168983
6167 396910
6168 473176
6169 396910
6170 396910
6171 390729
6173 361261
6174 434169
6175 434908
6176 518084
6177 428135
6179 428135
6180 305234
6181 396149
6182 396149
6183 383170
6186 382588
6187 462968
6188 463318
6190 413823
6191 427841
6194 396013
6195 369990
6196 401594
6197 396013
6198 396013
6199 396614
6200 479213
6201 396614
6202 366147
6203 396013
6204 241118
6205 186285
6206 186285
6208 405544
6209 115925
6210 378895
6214 186202
6215 153326
6216 153326
6217 406160
6219 411260
6221 114218
6223 153326
6224 186202
6225 123433
6226 353735
6227 383170
6229 220861
6232 390538
6233 360537
6236 170635
6238 403767
6239 413195
6240 500006
6241 382034
6242 419733
6243 413823
6244 413823
6245 433377
6246 500383
6247 366505
6248 433377
6250 434715
6251 387236
6252 420312
6253 383213
6257 401275
6258 427140
6259 426492
6260 394327
6261 447323
6262 426492
6263 432503
6264 316691
6266 516485
6267 447323
6269 427140
6271 394327
6272 432503
6273 441608
6274 432503
6275 427140
6276 419452
6277 411503
6278 374543
6279 286220
6280 490572
6281 490572
6282 321250
6283 312652
6286 390079
6287 353735
6289 353735
6291 353735
6292 603262
6294 498524
6299 392403
6301 362259
6302 410945
6303 366061
6304 391807
6305 392403
6306 391807
6307 474124
6309 446721
6310 431429
6312 432085
6314 452502
6315 431429
6316 403080
6317 522071
6318 403080
6319 398893
6320 411385
6321 402903
6323 367340
6324 409502
6325 401059
6326 414802
6327 409502
6328 478935
6329 395485
6330 395485
6331 313630
6332 409502
6333 401742
6334 485370
6335 370851
6336 407447
6339 401101
6340 415317
6341 410233
6342 488689
6343 377306
6344 377306
6345 410233
6346 410233
6347 401275
6353 379789
6354 481124
6355 403882
6359 403882
6360 367607
6361 371466
6362 411684
6363 401275
6364 462968
6365 353735
6366 401275
6367 382588
6369 463318
6370 382588
6371 357448
6372 463318
6374 353735
6375 353735
6376 463318
6377 387981
6378 383170
6379 463318
6383 387981
6384 429161
6385 420312
6388 501549
6389 387236
6391 328686
6392 501549
6394 415100
6395 421028
6396 420312
6397 387236
6399 501927
6400 501927
6402 401275
6403 387981
6405 401275
6406 387981
6410 396149
6411 396149
6412 357448
6414 463318
6415 425135
6416 416370
6418 417079
6419 410583
6420 497219
6421 410583
6422 379618
6424 418537
6425 351000
6426 380945
6427 412018
6428 498957
6429 412018
6430 401275
6431 463318
6432 357448
6433 387981
6434 401275
6435 396149
6436 463318
6437 382588
6439 420312
6440 415100
6441 387236
6443 434715
6444 501927
6445 420312
6446 420312
6454 397400
6455 464431
6457 389869
6458 382588
6461 357448
6463 353735
6464 396149
6465 353735
6467 353735
6468 233361
6469 270319
6471 401275
6473 353735
6474 463318
6475 396573
6476 364743
6477 360954
6478 472417
6481 464431
6482 383797
6484 383170
6485 462968
6487 353735
6488 387981
6489 297404
6490 383170
6491 388641
6492 383170
6493 353735
6494 462968
6495 387981
6496 357448
6498 388641
6500 383170
6503 396149
6504 357448
6505 357448
6506 353735
6507 462968
6509 403881
6510 408953
6511 279312
6513 488362
6515 239565
6518 447304
6521 417184
6523 441007
6524 441007
6525 461845
6526 455945
6528 440338
6529 455945
6531 455945
6537 351227
6538 470894
6539 461185
6540 461970
6541 420477
6545 470894
6547 424891
6548 404661
6549 411063
6550 374143
6557 374143
6560 399592
6561 400199
6562 419110
6564 399592
6565 483545
6568 405914
6569 405224
6575 370641
6576 463619
6578 382386
6579 107650
6580 107244
6581 191507
6584 176579
6585 218058
6586 160072
6587 140005
6588 113085
6589 113208
6590 122099
6591 123749
6592 138752
6593 138767
6595 163417
6598 112371
6599 121871
6601 136585
6603 131457
6604 138767
6605 121871
6606 179489
6607 156978
6608 184976
6613 138767
6614 179360
6615 121871
6616 122333
6617 121871
6618 110819
6619 126183
6620 168201
6621 163094
6622 126183
6623 163212
6624 144268
6625 126183
6626 158656
6627 112371
6628 131457
6629 112371
6630 156978
6631 158656
6632 112371
6636 101296
6638 109860
6639 131457
6640 179360
6641 184976
6645 131457
6646 121871
6647 154714
6648 120113
6649 110751
6650 129561
6651 120113
6652 138752
6653 112371
6657 179489
6658 122333
6659 131457
6663 148922
6665 148922
6667 114827
6669 147347
6671 121871
6672 179489
6674 179489
6676 179489
6677 184976
6679 179360
6681 179360
6682 158656
6683 156978
6684 184976
6685 141988
6687 123749
6688 136585
6689 131457
6692 158656
6693 163417
6694 167698
6695 172949
6696 122910
6697 132289
6699 170986
6700 107125
6701 132289
6703 174402
6704 169229
6706 105948
6707 113744
6708 166767
6709 166888
6713 104535
6714 145313
6716 112044
6717 164394
6719 197907
6720 218188
6721 211717
6724 163683
6726 163683
6727 146425
6728 165652
6729 128069
6730 112475
6732 163749
6734 315783
6735 278384
6736 277333
6738 224881
6739 190842
6741 123131
6742 140203
6743 140203
6744 193563
6745 169286
6746 131426
6749 141764
6750 131925
6751 141764
6752 171096
6753 131426
6754 131925
6755 149648
6756 298281
6757 298281
6759 181203
6760 119837
6761 153776
6762 146771
6763 105065
6765 114787
6766 149434
6767 147853
6768 130701
6769 149434
6770 147853
6772 147853
6773 130701
6774 114787
6775 115120
6776 125326
6779 183748
6781 125326
6782 124852
6783 173697
6784 130306
6785 114874
6786 105519
6788 114874
6789 130306
6790 130306
6791 105519
6792 130306
6795 131707
6796 149967
6798 137361
6799 120569
6800 136766
6803 120569
6804 136766
6805 110751
6806 157947
6807 107244
6809 107244
6811 107244
6812 157947
6814 164101
6815 126185
6816 133603
6818 145054
6819 164101
6820 120186
6821 102737
6822 111422
6823 102737
6824 164101
6825 120186
6826 164952
6827 194372
6828 188607
6829 138135
6830 188471
6831 128061
6834 128269
6835 128269
6836 137234
6837 137234
6841 164695
6842 111907
6844 150057
6845 182506
6846 159387
6847 159387
6850 122113
6851 98884
6854 138137
6855 98884
6856 157833
6858 115680
6859 157833
6860 122113
6861 157947
6863 139728
6865 139019
6866 117726
6867 153681
6869 117726
6870 139019
6871 153681
6874 131300
6876 139019
6879 188261
6880 122387
6881 122387
6882 129937
6883 131999
6886 137327
6887 151041
6888 137327
6889 129730
6890 127705
6891 127705
6893 117726
6894 153681
6895 117726
6896 131300
6897 129937
6898 131999
6899 139019
6900 117726
6901 188261
6902 117726
6903 131300
6904 139728
6905 131999
6906 131999
6909 129937
6910 175973
6911 149337
6912 149337
6913 125059
6914 150934
6916 116378
6917 117726
6918 139728
6919 131300
6920 122387
6921 114481
6923 119014
6924 120193
6925 106491
6926 131506
6927 148763
6928 139191
6929 153091
6930 106491
6931 115494
6933 112945
6936 121369
6938 112518
6939 237386
6940 207613
6941 183529
6942 448220
6944 272289
6945 318536
6946 126395
6949 116157
6950 185752
6951 113328
6952 125084
6954 132165
6956 123531
6959 133826
6961 142156
6964 122099
6965 132565
6966 154341
6967 130495
6969 134120
6971 102611
6973 134220
6974 147623
6975 147623
6976 139615
6977 157833
6978 107244
6980 107244
6981 115680
6982 122113
6983 168909
6984 163899
6985 120039
6986 111285
6987 113000
6988 163899
6989 121453
6990 128593
6991 122099
6993 162776
7002 165365
7003 142034
7004 131691
7008 157833
7009 138137
7011 115680
7012 107650
7013 267328
7014 257148
7015 339578
7016 169929
7017 130666
7018 115817
7019 169806
7020 174142
7021 108897
7022 128593
7024 130666
7025 138348
7026 113208
7027 157947
7028 157947
7030 129249
7031 143804
7032 107650
7034 121453
7037 108897
7038 120193
7039 154713
7040 152939
7041 121796
7042 121453
7044 128593
7045 128593
7046 128593
7047 128593
7049 129249
7052 128593
7053 121453
7055 160053
7056 139979
7057 110349
7059 121795
7060 117222
7061 164946
7066 114747
7067 136192
7068 136192
7069 107650
7070 120193
7072 98884
7073 98884
7075 115680
7076 171520
7077 171520
7078 145558
7079 147115
7081 113433
7082 147115
7083 104196
7084 113433
7087 161537
7089 121453
7090 113208
7091 122099
7092 142156
7094 108897
7095 142156
7096 120193
7098 121453
7099 117562
7101 133539
7102 138137
7105 156287
7108 184069
7109 222902
7110 144906
7111 121453
7112 122099
7114 128593
7115 143804
7117 139057
7118 136886
7120 147333
7121 133486
7122 147333
7123 118676
7124 121453
7125 121453
7130 162776
7132 107650
7133 102896
7134 164356
7135 163679
7136 144786
7137 119964
7139 111638
7140 119964
7141 168804
7142 111216
7144 119964
7145 102547
7146 143254
7147 144786
7148 119964
7149 168804
7150 163679
7152 147161
7153 166485
7155 171574
7156 138481
7157 152310
7158 115340
7160 169229
7162 147012
7163 188646
7164 135040
7165 215543
7166 146456
7167 222292
7168 222292
7169 157977
7170 222292
7171 215543
7172 165522
7173 148140
7174 129569
7175 115546
7176 127532
7177 108773
7178 117968
7179 167592
7180 126949
7181 149910
7182 126949
7183 131975
7184 165721
7185 125022
7186 150675
7187 162759
7188 126949
7190 165052
7191 165052
7192 141567
7193 165052
7194 109156
7195 140069
7197 160156
7198 100267
7199 108744
7200 109156
7201 160156
7202 140069
7203 123820
7204 139615
7205 157833
7206 157833
7208 98884
7209 122113
7210 161420
7211 110560
7212 118806
7213 101557
7214 125413
7215 123441
7216 147691
7217 124735
7218 112300
7219 179584
7220 142454
7221 148298
7224 133288
7225 167862
7226 110595
7227 167175
7228 162099
7230 111840
7232 124735
7233 132068
7234 145998
7235 125399
7236 123441
7237 116263
7240 150784
7241 120670
7242 182247
7245 186152
7246 138163
7247 151960
7248 151960
7251 138163
7252 151960
7253 153722
7257 155218
7258 135954
7259 154430
7260 201994
7262 133083
7263 114815
7264 128054
7265 135582
7266 151620
7267 151620
7268 119361
7269 126725
7270 126725
7271 142156
7272 143804
7273 121453
7274 128593
7275 131491
7276 138485
7277 154866
7278 154866
7279 121916
7280 138485
7281 131491
7282 139191
7283 139191
7285 149882
7286 126725
7287 129249
7288 142156
7289 128593
7290 128593
7291 121453
7292 129249
7293 121453
7294 122099
7296 116187
7297 131977
7298 131977
7299 145897
7300 128593
7301 108897
7302 127794
7303 127118
7306 118489
7307 134591
7308 135278
7310 182265
7311 130424
7312 143448
7313 109887
7314 143448
7315 130424
7316 145111
7317 123209
7318 109887
7319 109887
7320 130424
7321 122418
7322 146467
7323 146467
7324 123702
7325 144788
7326 131890
7327 125230
7328 121453
7329 122099
7330 126677
7331 160913
7332 144627
7333 121853
7335 143892
7336 160913
7337 159069
7338 143892
7340 174244
7343 223591
7344 173586
7345 208142
7347 255471
7348 160055
7349 263470
7350 255655
7351 173586
7356 169974
7357 120072
7358 136202
7359 119618
7360 181557
7364 163183
7365 112588
7366 125570
7367 117046
7369 133630
7370 117046
7371 126238
7372 148679
7373 125570
7374 124267
7375 148679
7377 133630
7378 126238
7379 108897
7380 120193
7381 124567
7382 111689
7383 132563
7384 116111
7385 111689
7386 131890
7387 132563
7390 153686
7391 164879
7392 138596
7393 221636
7394 268336
7395 227835
7396 239953
7397 265261
7399 226629
7400 211244
7401 377201
7402 537978
7404 135666
7405 189814
7406 132383
7407 133087
7409 123396
7410 133087
7411 133087
7412 157407
7416 178173
7417 151204
7418 189056
7419 122903
7420 131854
7421 139606
7422 98884
7424 162776
7426 123385
7427 159477
7429 108361
7431 159477
7432 116885
7433 123385
7436 174769
7439 131110
7440 149902
7442 169586
7443 124203
7444 124203
7445 106171
7446 115146
7448 186974
7449 152630
7453 148316
7454 115583
7455 169463
7456 99977
7457 159577
7458 164574
7460 139615
7461 162776
7462 138137
7464 162776
7465 138137
7466 157947
7467 98884
7468 115680
7469 107650
7470 107244
7471 157947
7472 138137
7474 157833
7476 157947
7477 115680
7478 139615
7479 98884
7480 107244
7482 328668
7483 169525
7484 169525
7485 169647
7486 139615
7487 107244
7488 157833
7489 115680
7492 139615
7493 107650
7494 107244
7495 98884
7496 139615
7497 138137
7498 157833
7499 107244
7501 98884
7503 136318
7504 119719
7505 154206
7506 181711
7507 176193
7508 119719
7509 175225
7510 209243
7511 149785
7512 149785
7513 251201
7514 107501
7515 150174
7516 171710
7517 116589
7518 171710
7519 117031
7520 107501
7521 125760
7522 150174
7525 151780
7526 171586
7527 116589
7528 139615
7529 157833
7530 107650
7531 107650
7532 138137
7533 107650
7534 98884
7535 333991
7536 257525
7537 149252
7539 106841
7540 149252
7541 115873
7543 110294
7544 136202
7545 110294
7546 117406
7547 123935
7549 160305
7550 160305
7553 130512
7554 162335
7558 196073
7559 133130
7560 202066
7563 112449
7565 138864
7568 138864
7569 146233
7570 179614
7571 122488
7572 167122
7573 129299
7574 104704
7576 113986
7577 122488
7579 104704
7580 147831
7581 146267
7583 132579
7584 125595
7585 176728
7586 107360
7590 141198
7591 129700
7592 140664
7593 151729
7594 213501
7595 207019
7596 213501
7597 207168
7598 151729
7599 160166
7601 107244
7603 139615
7604 157947
7605 98884
7607 163679
7609 155169
7610 167374
7611 147584
7612 113795
7618 217794
7619 226416
7621 315895
7623 242906
7624 287608
7625 244198
7628 244198
7629 258498
7630 258498
7631 284312
7632 116904
7633 126085
7634 144173
7635 125418
7636 124117
7637 126085
7639 130128
7641 186581
7643 147233
7644 117251
7645 148940
7646 122924
7647 115781
7648 145387
7650 115781
7652 326073
7654 113208
7655 125335
7656 132675
7657 123378
7658 132001
7660 148099
7661 162888
7662 139906
7665 113306
7666 129719
7668 125999
7670 146696
7671 124031
7674 124293
7676 140604
7677 140604
7680 165682
7681 142108
7683 142108
7684 255724
7685 121405
7686 133998
7687 136124
7688 126211
7689 126211
7691 188836
7692 130287
7696 154637
7698 112930
7700 134036
7702 110242
7703 154004
7707 126288
7709 112633
7710 147033
7713 113006
7715 117480
7716 117480
7717 113006
7719 124728
7721 174142
7722 128593
7723 143804
7724 120193
7725 129249
7727 128593
7728 120193
7729 128593
7730 113208
7731 128593
7733 174142
7734 113208
7735 142156
7736 122099
7737 128593
7738 121453
7739 143804
7740 115811
7741 115811
7742 178146
7743 124245
7744 132221
7745 129249
7746 128593
7747 142156
7748 129249
7749 143804
7755 203145
7756 177933
7757 131818
7758 115458
7759 148763
7760 174142
7761 128593
7762 120193
7764 152124
7765 151319
7766 149749
7768 216965
7770 151319
7771 160215
7772 129249
7773 121453
7774 121453
7777 121453
7779 143804
7780 121453
7784 142156
7786 129249
7787 120193
7791 128593
7792 120193
7794 126309
7795 112652
7796 180147
7798 124337
7799 147058
7800 180147
7801 120193
7802 174142
7803 129249
7804 120193
7805 128593
7807 177932
7808 131392
7810 144278
7812 129249
7813 120193
7814 108897
7815 120193
7816 108897
7817 121453
7819 108897
7820 128593
7821 129249
7824 121453
7825 129249
7826 108897
7828 120193
7830 121453
7831 128593
7832 142156
7836 121453
7837 108897
7839 177960
7840 144142
7841 135765
7842 144142
7843 129976
7845 295528
7846 115922
7847 153082
7849 138400
7850 153985
7851 295950
7852 297524
7853 244973
7856 275005
7858 120193
7859 142156
7860 142156
7861 142156
7862 129249
7863 108897
7864 128593
7865 174142
7866 128593
7867 129249
7868 122099
7869 129249
7870 122099
7871 113208
7872 120193
7873 108897
7874 120193
7875 174142
7876 143804
7877 157825
7878 121692
7880 119556
7882 141900
7883 191187
7885 141900
7886 124289
7887 133341
7888 124289
7889 191187
7890 141180
7891 141900
7892 131957
7894 142326
7895 132353
7896 132353
7899 124662
7900 144667
7901 122509
7902 161780
7903 129838
7904 134979
7905 171459
7906 145580
7907 124093
7908 123858
7909 114839
7910 131111
7911 110465
7912 144203
7914 131111
7915 142156
7919 236356
7920 153653
7926 253810
7927 288967
7928 287608
7929 287608
7930 287608
7931 217794
7934 284312
7935 284312
7936 257186
7937 244198
7939 240385
7940 258498
7942 226416
7943 258498
7944 257186
7945 240385
7946 217794
7947 242906
7948 287608
7950 184582
7951 203729
7952 240957
7953 295175
7954 205865
7955 219080
7956 243751
7958 269340
7959 266545
7961 143016
7962 160354
7963 188860
7964 157851
7965 182058
7966 127947
7968 127663
7969 138267
7971 186292
7972 186292
7973 137565
7977 248692
7978 110841
7979 122339
7980 124279
7981 177252
7983 131557
7984 130889
7985 124279
7986 110841
7987 115230
7988 146372
7989 115230
7992 111165
7993 146800
7994 146800
7995 123983
7996 115567
7997 131942
7998 131942
7999 129784
8000 115750
8001 137384
8003 185102
8004 152855
8005 152855
8006 129784
8007 129097
8008 120333
8009 127757
8010 127757
8011 129097
8012 129097
8013 127757
8014 115750
8015 137384
8016 185102
8018 129097
8019 120333
8020 122099
8021 113208
8022 121453
8023 113208
8024 128200
8025 151793
8026 151793
8027 114947
8028 183817
8029 135737
8030 128882
8031 183817
8033 128882
8035 151793
8036 136430
8037 114082
8038 134716
8039 125916
8040 148925
8044 127236
8045 134716
8046 135404
8047 134716
8048 125916
8049 135404
8050 135404
8052 135404
8054 108897
8055 174142
8056 122099
8057 142156
8058 174142
8060 122099
8061 108897
8062 138137
8064 113208
8065 174142
8066 113208
8067 122099
8069 108897
8071 143804
8077 147539
8079 116149
8080 116149
8081 111725
8082 124607
8083 247861
8084 124195
8085 122906
8086 113208
8087 162776
8088 128593
8089 120193
8090 142156
8091 98884
8092 139615
8093 98884
8094 138137
8095 139615
8096 120193
8097 121453
8099 128593
8100 157833
8101 122113
8102 157947
8103 107244
8104 148079
8105 159784
8106 100034
8108 139744
8111 108491
8112 108491
8113 108902
8114 108491
8115 100034
8116 141238
8117 156660
8118 154213
8119 145252
8121 139720
8122 154213
8123 154213
8125 145252
8126 177647
8127 122611
8131 109817
8132 140917
8134 102840
8135 143663
8138 157947
8139 115680
8140 113208
8142 157947
8143 98884
8144 115680
8146 128525
8147 119166
8148 183308
8149 129249
8150 174142
8151 129249
8152 143804
8153 143804
8154 128593
8155 155348
8156 212109
8157 211956
8158 185506
8159 218593
8160 212109
8161 163986
8162 212109
8163 143388
8165 132068
8166 145998
8167 143388
8168 130835
8169 130835
8170 115340
8172 148004
8176 112888
8178 152748
8179 172806
8183 126562
8184 325337
8185 108013
8186 158966
8189 98884
8190 157947
8194 162776
8196 157947
8197 138137
8198 157833
8199 122113
8200 157833
8201 115680
8205 115680
8206 180807
8208 123320
8209 180938
8210 113278
8211 132518
8213 180807
8214 180938
8215 123081
8216 129249
8217 113208
8218 122099
8219 122099
8220 145572
8223 180295
8225 132047
8226 129226
8230 149243
8231 157833
8232 121453
8233 107650
8235 107244
8236 174142
8237 113208
8238 292631
8240 116963
8241 175297
8242 115931
8243 154866
8244 121916
8245 117273
8247 187538
8248 124578
8249 130795
8250 153091
8251 129438
8252 153091
8253 153091
8254 130795
8256 124529
8257 133598
8258 294401
8261 311641
8262 179264
8263 179264
8264 112100
8265 123270
8266 176748
8268 131183
8269 131183
8270 145956
8271 121991
8272 123926
8273 123926
8275 131183
8276 123926
8277 108897
8280 143911
8281 135950
8282 193897
8283 135231
8284 160118
8285 158282
8286 135231
8287 143911
8288 126051
8289 133827
8291 131729
8292 115969
8293 125077
8297 143128
8298 179727
8299 159330
8301 169160
8303 119170
8304 119170
8306 172723
8307 124826
8308 111922
8309 111922
8310 178980
8313 178980
8314 123531
8315 112786
8317 153091
8319 121916
8320 131491
8321 154866
8322 187538
8324 147842
8325 113253
8327 126311
8328 134419
8329 119497
8332 295132
8333 157947
8334 121453
8335 122099
8336 122099
8337 121453
8338 129249
8339 128593
8342 122099
8343 120193
8345 111922
8349 294017
8351 98884
8353 142156
8354 129249
8355 128593
8356 113208
8357 120193
8358 122099
8359 157947
8362 113208
8363 101487
8365 257620
8366 257620
8367 143764
8368 101823
8370 124485
8374 111074
8376 162641
8377 125728
8378 101823
8379 162524
8380 408668
8381 153091
8382 106491
8383 414439
8384 148763
8385 125641
8386 125418
8387 148336
8388 134184
8389 148336
8390 125418
8393 126056
8394 128055
8395 149090
8396 126056
8397 128055
8399 134866
8401 126795
8403 124815
8405 121645
8406 122921
8408 114342
8410 135712
8411 128204
8412 135023
8413 247809
8414 115490
8415 117608
8416 155309
8417 188074
8418 117608
8420 143804
8421 174142
8422 113208
8423 143804
8424 121453
8425 129249
8427 122099
8429 143804
8432 145423
8433 162625
8434 162625
8435 135923
8442 135712
8443 149264
8444 128204
8445 144501
8446 313969
8447 140283
8448 189973
8449 189973
8450 123500
8451 123500
8453 140999
8454 156877
8455 155079
8456 118796
8457 156877
8458 133199
8459 125690
8460 155464
8462 155464
8463 139729
8465 153609
8466 151848
8467 120927
8468 116322
8470 125787
8471 120996
8472 134948
8473 159782
8474 157951
8475 157951
8476 125787
8477 180941
8481 228103
8482 228103
8483 168440
8485 129981
8488 138485
8490 107650
8491 139615
8492 98884
8493 113208
8494 139615
8495 113208
8496 120193
8497 116038
8498 109925
8499 124489
8500 385448
8501 373744
8502 253951
8506 117952
8507 148112
8508 117952
8509 126542
8510 117952
8511 181439
8513 127215
8515 127215
8518 167674
8519 156089
8520 143076
8521 141562
8522 110319
8524 118548
8525 143076
8526 101336
8527 141562
8528 161863
8529 125140
8530 166811
8531 110319
8532 110319
8533 141562
8534 109903
8535 143076
8536 125140
8537 161863
8538 125140
8539 125140
8540 150637
8541 170294
8542 175626
8543 175626
8544 170294
8546 150637
8549 115711
8550 170294
8551 131753
8552 116149
8553 170294
8554 170417
8555 124812
8558 131753
8561 115680
8562 107650
8563 157833
8564 98884
8565 162776
8566 138137
8567 182115
8568 140899
8569 125650
8570 165928
8572 200933
8573 140138
8575 124212
8576 182115
8577 133477
8578 262934
8579 107835
8580 107835
8582 152252
8583 107835
8584 116951
8586 117395
8587 150641
8588 126151
8589 107835
8590 126151
8593 131882
8594 170460
8596 150784
8597 170460
8598 170583
8599 170460
8600 116263
8603 117395
8604 172120
8605 133166
8608 116951
8609 107835
8611 117395
8612 133166
8614 137271
8615 182982
8616 101082
8618 166393
8620 109627
8621 166393
8622 118250
8623 161457
8624 110043
8625 166393
8626 110043
8627 142717
8629 113208
8630 113208
8631 143804
8632 108897
8633 108897
8634 115680
8635 138137
8636 122113
8637 174142
8638 108897
8640 107650
8641 115680
8642 134813
8645 103141
8646 103141
8648 112285
8649 288281
8650 289815
8651 242674
8652 114738
8653 110368
8654 130331
8656 130996
8657 130331
8658 130331
8660 175452
8662 129560
8665 133027
8666 147058
8668 125641
8669 117112
8670 112652
8671 126309
8674 212129
8675 192869
8676 192869
8677 214589
8678 160033
8680 168932
8681 179355
8685 282525
8687 122692
8689 278114
8691 133211
8692 133891
8693 117273
8695 126484
8696 126484
8697 119967
8698 128704
8700 129389
8701 113647
8702 410515
8703 286307
8704 338997
8706 418000
8707 310241
8711 115564
8713 115564
8715 129575
8716 127551
8717 128889
8718 152609
8719 137162
8720 127551
8722 129575
8724 138319
8725 130667
8726 116539
8727 128627
8728 103487
8729 127106
8730 127106
8731 113966
8732 112661
8733 103487
8734 144567
8735 113966
8737 118478
8738 148773
8740 313480
8741 494356
8742 381682
8743 654071
8745 151959
8746 152917
8747 163409
8748 153552
8749 151959
8751 463318
8752 353735
8753 421049
8754 496844
8755 383603
8756 172848
8757 140724
8758 387981
8760 405581
8761 365959
8763 411684
8764 159120
8765 118015
8766 547385
8767 133156
8768 142021
8769 123296
8771 415694
8773 423569
8774 599834
8775 126484
8778 107273
8781 107273
8782 118752
8783 146647
8785 119593
8786 135715
8787 122099
8788 422559
8789 413846
8791 408094
8792 112677
8793 112677
8794 139828
8795 128273
8799 409813
8801 283317
8802 483097
8803 418722
8804 404849
8806 120186
8809 102737
8810 334254
8811 308821
8815 134673
8816 183748
8818 354661
8819 327675
8820 306818
8821 321196
8822 404504
8823 417654
8824 481865
8826 471742
8827 360166
8828 365335
8829 358112
8833 437755
8834 137261
8835 184976
8836 411307
8837 392153
8838 334232
8839 132700
8840 374543
8844 353735
8845 281352
8846 396149
8848 680261
8850 424174
8851 523750
8852 390688
8853 311207
8854 446667
8858 168840
8859 114640
8860 123622
8862 146372
8863 128597
8865 152038
8866 105225
8867 108041
8868 493234
8870 135918
8871 144307
8872 129758
8873 124852
8874 124852
8877 167592
8878 599754
8879 463058
8880 446294
8881 398511
8882 437837
8885 189069
8886 154341
8887 359630
8888 383170
8889 353735
8890 401275
8891 328390
8892 284091
8893 357448
8894 118231
8895 139615
8896 103748
8899 388641
8900 160156
8901 364457
8902 374791
8903 419729
8904 360537
8905 290018
8907 155705
8909 135483
8910 380877
8911 309858
8915 139031
8916 127032
8917 117548
8918 301309
8919 200769
8920 219732
8921 142286
8922 133081
8924 259537
8925 368895
8926 399591
8927 485661
8928 181108
8929 126983
8932 147539
8933 145848
8934 385483
8935 128204
8936 112300
8937 125248
8939 143767
8940 144501
8941 111092
8942 131185
8943 145022
8944 231338
8945 429161
8946 382588
8947 463318
8948 408153
8950 2096879
8952 181844
8953 173860
8954 112945
8955 165595
8956 154452
8957 402590
8960 396149
8963 147058
8964 181236
8965 475314
8969 153518
8970 462968
8971 396149
8973 98884
8974 420367
8975 496379
8978 434033
8979 386628
8980 428785
8981 518475
8982 444799
8986 403223
8987 389420
8988 112786
8989 125790
8990 148940
8991 444162
8992 531921
8994 154576
8995 164499
8996 183024
8997 155399
8999 221636
9000 164499
9001 152972
9002 155399
9003 138596
9004 226629
9005 164499
9006 175463
9007 195222
9008 133980
9009 527946
9010 553549
9011 464680
9012 293181
9013 135361
9014 128525
9015 108897
9016 113208
9018 486484
9019 122113
9021 462968
9022 388641
